*** ** ** ** 8 node hybrid brick -patch test ** ** ** ***
How many	 How many   No.loaded  No.sprung  No.of      Maximum	iterative
elements?  fix.nodes? nodes?	   nodes?     R.H.sides? R.H.sides? solutions?
   8	    9	     9	      0        1		1	   0
Element  Prop.list     Node numbers
   1	    1	     1	 2   9	 8	10  11	18  17
   2	    1	     2	 3   4	 9	11  12	13  18
   3	    1	     9	 4   5	 6	18  13	14  15
   4	    1	     8	 9   6	 7	17  18	15  16
   5	    1	    10	11  18	17	19  20	27  26
   6	    1	    11	12  13	18	20  21	22  27
   7	    1	    18	13  14	15	27  22	23  24
   8	    1	    17	18  15	16	26  27	24  25
Property list 1    (Integer here and in next line must be in correct column.)
 Element type 9    - Not the incredible 8-node hybrid brick?  Good luck ...
  Young's    Poisson's  Density    Coef. of   Temperature
  Modulus    ratio	    z-gravity  expansion  (uniform)
  2e11	   .3	    0.0      0	      0        0.0	  0.0
Nodes	 Fixing-codes	Nodal coordinates
  1	  111	    0.0000000	   0.0000000	  0.2000000
  2	   10	    0.1000000	   0.0000000	  0.2000000
  3	   11	    0.2000000	   0.0000000	  0.2000000
  4	    0	    0.2000000	   0.1000000	  0.2000000
  5	    0	    0.2000000	   0.2000000	  0.2000000
  6	    0	    0.1000000	   0.2000000	  0.2000000
  7	    0	    0.0000000	   0.2000000	  0.2000000
  8	    0	    0.0000000	   0.1000000	  0.2000000
  9	    0	    0.1000000	   0.1000000	  0.2000000
 10	   10	    0.0000000	   0.0000000	  0.1000000
 11	   10	    0.1000000	   0.0000000	  0.1000000
 12	   10	    0.2000000	   0.0000000	  0.1000000
 13	    0	    0.2000000	   0.1000000	  0.1000000
 14	    0	    0.2000000	   0.2000000	  0.1000000
 15	    0	    0.1000000	   0.2000000	  0.1000000
 16	    0	    0.0000000	   0.2000000	  0.1000000
 17	    0	    0.0000000	   0.1000000	  0.1000000
 18	    0	    0.1000000	   0.1000000	  0.1000000
 19	  110	    0.0000000	   0.0000000	  0.0000000
 20	   10	    0.1000000	   0.0000000	  0.0000000
 21	   10	    0.2000000	   0.0000000	  0.0000000
 22	    0	    0.2000000	   0.1000000	  0.0000000
 23	    0	    0.2000000	   0.2000000	  0.0000000
 24	    0	    0.1000000	   0.2000000	  0.0000000
 25	    0	    0.0000000	   0.2000000	  0.0000000
 26	    0	    0.0000000	   0.1000000	  0.0000000
-27	    0	    0.1000000	   0.1000000	  0.0000000
There are no nonzero fixities in this job.
Node	 Additional loads
  5	   0.000000   -5000.000000	   0.000000
  6	   0.000000  -10000.000000	   0.000000
  7	   0.000000   -5000.000000	   0.000000
 14	   0.000000  -10000.000000	   0.000000
 15	   0.000000  -20000.000000	   0.000000
 16	   0.000000  -10000.000000	   0.000000
 23	   0.000000   -5000.000000	   0.000000
 24	   0.000000  -10000.000000	   0.000000
 25	   0.000000   -5000.000000	   0.000000
There are no additional springs to earth.
